P = [
    80  20  0   0   0   0
    50  30  20  0   0   0
    10  40  30  20  0   0
    0   20  40  30  0   0
    0   0   10  90  0   0
    0   0   0   1   0   0
] ./ 100;

pi0 = [1 0 0 0 0 0];

n = 365;

k = pi0 * (P ^ n)
