# caso1.m
function u = caso1(k)
  F = [50 50 50 50 50 100 100 100 100 100]';
  
  u = (k\F);
end
